[gd_scene load_steps=19 format=2]

[ext_resource path="res://Resources/table.tscn" type="PackedScene" id=1]
[ext_resource path="res://Resources/floor.tscn" type="PackedScene" id=2]
[ext_resource path="res://Resources/candle.tscn" type="PackedScene" id=3]
[ext_resource path="res://Resources/candle_holder.tscn" type="PackedScene" id=4]
[ext_resource path="res://Resources/dagger.tscn" type="PackedScene" id=5]
[ext_resource path="res://Resources/ink.tscn" type="PackedScene" id=6]
[ext_resource path="res://Resources/quill.tscn" type="PackedScene" id=7]
[ext_resource path="res://Resources/amulet.tscn" type="PackedScene" id=8]

[sub_resource type="Environment" id=1]
background_mode = 1
background_color = Color( 0.0313726, 0.0313726, 0.0431373, 1 )
background_energy = 0.0
ambient_light_color = Color( 0.188235, 0.192157, 0.223529, 1 )
fog_enabled = true
fog_color = Color( 0.243137, 0.294118, 0.34902, 1 )
fog_height_min = -16.3
fog_height_max = -5.0
fog_height_curve = 0.203063
dof_blur_far_distance = 1.59
dof_blur_far_transition = 4.47
dof_blur_far_amount = 0.08
glow_enabled = true

[sub_resource type="Gradient" id=9]
offsets = PoolRealArray( 0, 0.951724 )
colors = PoolColorArray( 0, 0, 0, 1, 0.609375, 0.335632, 0.335632, 1 )

[sub_resource type="GradientTexture" id=7]
gradient = SubResource( 9 )

[sub_resource type="Curve" id=10]
_data = [ Vector2( 0, 0.572727 ), 0.0, 0.0, 0, 0, Vector2( 0.708839, 0.418182 ), 0.0, 0.0, 0, 0 ]

[sub_resource type="CurveTexture" id=2]
curve = SubResource( 10 )

[sub_resource type="ParticlesMaterial" id=11]
lifetime_randomness = 0.31
direction = Vector3( 0, 1, 0 )
spread = 2.0
gravity = Vector3( 0, 0, 0 )
initial_velocity = 0.05
initial_velocity_random = 0.12
angular_velocity = 39.54
angular_velocity_random = 0.16
linear_accel = 0.13
linear_accel_random = 0.04
angle = 360.0
angle_random = 0.05
scale = 0.0
scale_random = 0.04
scale_curve = SubResource( 2 )
color_ramp = SubResource( 7 )
hue_variation = 1.0

[sub_resource type="Gradient" id=8]
offsets = PoolRealArray( 0.534162, 1 )
colors = PoolColorArray( 1, 1, 1, 1, 0, 0, 0, 1 )

[sub_resource type="GradientTexture2D" id=12]
gradient = SubResource( 8 )
fill = 1
fill_from = Vector2( 0.5, 0.5 )
fill_to = Vector2( 0.112613, 0.13964 )

[sub_resource type="SpatialMaterial" id=4]
flags_transparent = true
flags_unshaded = true
vertex_color_use_as_albedo = true
params_blend_mode = 1
params_billboard_mode = 3
particles_anim_h_frames = 1
particles_anim_v_frames = 1
particles_anim_loop = false
albedo_color = Color( 0.996078, 0.654902, 0, 1 )
albedo_texture = SubResource( 12 )

[sub_resource type="QuadMesh" id=13]
material = SubResource( 4 )

[node name="Enviroment" type="Spatial"]

[node name="table" parent="." instance=ExtResource( 1 )]
transform = Transform( 1, 0, 0, 0, 1, 0, 0, 0, 1, 0, 0.887909, 0 )

[node name="candle" parent="." instance=ExtResource( 3 )]
transform = Transform( 1, 0, 0, 0, 0.99988, -0.0155154, 0, 0.0155154, 0.99988, -0.0113018, 0.933092, -0.257245 )

[node name="candle_holder" parent="." instance=ExtResource( 4 )]
transform = Transform( 1, 0, 0, 0, 0.99988, -0.0155154, 0, 0.0155154, 0.99988, -0.0113018, 0.911053, -0.257587 )

[node name="WorldEnvironment" type="WorldEnvironment" parent="."]
environment = SubResource( 1 )

[node name="backlight" type="SpotLight" parent="."]
transform = Transform( 0.819139, 0.224956, -0.527642, 0.0436417, 0.892777, 0.44838, 0.571933, -0.390313, 0.721491, -2.43181, 2.84648, 3.25582 )
light_color = Color( 0.611765, 0.709804, 1, 1 )
light_energy = 4.545
shadow_enabled = true

[node name="fill_light" type="DirectionalLight" parent="."]
transform = Transform( 0.866025, -3.47605e-08, 0.5, -0.433013, -0.5, 0.75, 0.25, -0.866025, -0.433013, -0.00154352, 0.00410819, 0.000169039 )
light_color = Color( 0.643137, 0.686275, 0.803922, 1 )
light_energy = 0.418

[node name="Floor" parent="." instance=ExtResource( 2 )]
transform = Transform( 2, 0, 0, 0, 1, 0, 0, 0, 2, 0, 0, 0 )

[node name="Flame" type="Particles" parent="."]
transform = Transform( 0.255976, 0, 0, 0, 0.255976, 0, 0, 0, 0.255976, -0.0116768, 0.960933, -0.257573 )
amount = 100
lifetime = 0.5
randomness = 1.0
local_coords = false
draw_order = 2
process_material = SubResource( 11 )
draw_pass_1 = SubResource( 13 )

[node name="kill_light" type="OmniLight" parent="."]
transform = Transform( 1, 0, 0, 0, 1, 0, 0, 0, 1, 0, 1.03263, -0.0731922 )
light_energy = 0.185
light_negative = true
omni_range = 12.9104

[node name="dagger" parent="." instance=ExtResource( 5 )]
transform = Transform( 0.854124, 0.502146, 0.135355, -0.482557, 0.862259, -0.153781, -0.193931, 0.0660316, 0.97879, 0.064887, 0.996723, 0.310955 )

[node name="ink" parent="." instance=ExtResource( 6 )]
transform = Transform( 0.78031, 0, -0.625392, 0, 1, 0, 0.625392, 0, 0.78031, 0.114168, 0.910314, -0.210955 )

[node name="quill" parent="." instance=ExtResource( 7 )]
transform = Transform( 0.754961, -0.164433, -0.634819, 0.215772, 0.976436, 0.00368819, 0.619254, -0.139761, 0.772652, 0.0974398, 1.00286, -0.221407 )

[node name="amulet" parent="." instance=ExtResource( 8 )]
transform = Transform( 0.675196, 0.287448, -0.682711, 0, 0.923761, 0.38894, 0.740757, -0.262007, 0.622287, -0.0433445, 0.912869, 0.337756 )
